{
 "cells": [
  {
   "cell_type": "code",
   "execution_count": 1,
   "id": "cb67ed32-4ee8-41b7-a9b1-0fa6a3c01550",
   "metadata": {},
   "outputs": [],
   "source": [
    "import numpy as np"
   ]
  },
  {
   "cell_type": "code",
   "execution_count": 2,
   "id": "c8b9215e-01df-4282-aaca-93eb6a80749e",
   "metadata": {},
   "outputs": [
    {
     "name": "stdout",
     "output_type": "stream",
     "text": [
      "1.21.5\n",
      "blas_mkl_info:\n",
      "    libraries = ['mkl_rt']\n",
      "    library_dirs = ['C:/Users/Lokda18/anaconda3\\\\Library\\\\lib']\n",
      "    define_macros = [('SCIPY_MKL_H', None), ('HAVE_CBLAS', None)]\n",
      "    include_dirs = ['C:/Users/Lokda18/anaconda3\\\\Library\\\\include']\n",
      "blas_opt_info:\n",
      "    libraries = ['mkl_rt']\n",
      "    library_dirs = ['C:/Users/Lokda18/anaconda3\\\\Library\\\\lib']\n",
      "    define_macros = [('SCIPY_MKL_H', None), ('HAVE_CBLAS', None)]\n",
      "    include_dirs = ['C:/Users/Lokda18/anaconda3\\\\Library\\\\include']\n",
      "lapack_mkl_info:\n",
      "    libraries = ['mkl_rt']\n",
      "    library_dirs = ['C:/Users/Lokda18/anaconda3\\\\Library\\\\lib']\n",
      "    define_macros = [('SCIPY_MKL_H', None), ('HAVE_CBLAS', None)]\n",
      "    include_dirs = ['C:/Users/Lokda18/anaconda3\\\\Library\\\\include']\n",
      "lapack_opt_info:\n",
      "    libraries = ['mkl_rt']\n",
      "    library_dirs = ['C:/Users/Lokda18/anaconda3\\\\Library\\\\lib']\n",
      "    define_macros = [('SCIPY_MKL_H', None), ('HAVE_CBLAS', None)]\n",
      "    include_dirs = ['C:/Users/Lokda18/anaconda3\\\\Library\\\\include']\n",
      "Supported SIMD extensions in this NumPy install:\n",
      "    baseline = SSE,SSE2,SSE3\n",
      "    found = SSSE3,SSE41,POPCNT,SSE42,AVX,F16C,FMA3,AVX2\n",
      "    not found = AVX512F,AVX512CD,AVX512_SKX,AVX512_CLX,AVX512_CNL\n"
     ]
    }
   ],
   "source": [
    "print(np.__version__)\n",
    "np.show_config()"
   ]
  },
  {
   "cell_type": "code",
   "execution_count": 3,
   "id": "7d855cef-7a0f-4f42-ad13-a99cfac12de3",
   "metadata": {},
   "outputs": [
    {
     "name": "stdout",
     "output_type": "stream",
     "text": [
      "[0. 0. 0. 0. 0. 0. 0. 0. 0. 0.]\n"
     ]
    }
   ],
   "source": [
    "Z = np.zeros(10)\n",
    "print(Z)"
   ]
  },
  {
   "cell_type": "code",
   "execution_count": 4,
   "id": "5d699cc3-d562-4a52-8c8b-7cec8420f95e",
   "metadata": {},
   "outputs": [
    {
     "name": "stdout",
     "output_type": "stream",
     "text": [
      "800 bytes\n"
     ]
    }
   ],
   "source": [
    "Z = np.zeros((10,10))\n",
    "print(\"%d bytes\" % (Z.size * Z.itemsize))"
   ]
  },
  {
   "cell_type": "code",
   "execution_count": 27,
   "id": "c23c9ddf-17d7-43eb-ac6c-be8fa198bb27",
   "metadata": {},
   "outputs": [
    {
     "name": "stdout",
     "output_type": "stream",
     "text": [
      "add(x1, x2, /, out=None, *, where=True, casting='same_kind', order='K', dtype=None, subok=True[, signature, extobj])\n",
      "\n",
      "Add arguments element-wise.\n",
      "\n",
      "Parameters\n",
      "----------\n",
      "x1, x2 : array_like\n",
      "    The arrays to be added.\n",
      "    If ``x1.shape != x2.shape``, they must be broadcastable to a common\n",
      "    shape (which becomes the shape of the output).\n",
      "out : ndarray, None, or tuple of ndarray and None, optional\n",
      "    A location into which the result is stored. If provided, it must have\n",
      "    a shape that the inputs broadcast to. If not provided or None,\n",
      "    a freshly-allocated array is returned. A tuple (possible only as a\n",
      "    keyword argument) must have length equal to the number of outputs.\n",
      "where : array_like, optional\n",
      "    This condition is broadcast over the input. At locations where the\n",
      "    condition is True, the `out` array will be set to the ufunc result.\n",
      "    Elsewhere, the `out` array will retain its original value.\n",
      "    Note that if an uninitialized `out` array is created via the default\n",
      "    ``out=None``, locations within it where the condition is False will\n",
      "    remain uninitialized.\n",
      "**kwargs\n",
      "    For other keyword-only arguments, see the\n",
      "    :ref:`ufunc docs <ufuncs.kwargs>`.\n",
      "\n",
      "Returns\n",
      "-------\n",
      "add : ndarray or scalar\n",
      "    The sum of `x1` and `x2`, element-wise.\n",
      "    This is a scalar if both `x1` and `x2` are scalars.\n",
      "\n",
      "Notes\n",
      "-----\n",
      "Equivalent to `x1` + `x2` in terms of array broadcasting.\n",
      "\n",
      "Examples\n",
      "--------\n",
      ">>> np.add(1.0, 4.0)\n",
      "5.0\n",
      ">>> x1 = np.arange(9.0).reshape((3, 3))\n",
      ">>> x2 = np.arange(3.0)\n",
      ">>> np.add(x1, x2)\n",
      "array([[  0.,   2.,   4.],\n",
      "       [  3.,   5.,   7.],\n",
      "       [  6.,   8.,  10.]])\n",
      "\n",
      "The ``+`` operator can be used as a shorthand for ``np.add`` on ndarrays.\n",
      "\n",
      ">>> x1 = np.arange(9.0).reshape((3, 3))\n",
      ">>> x2 = np.arange(3.0)\n",
      ">>> x1 + x2\n",
      "array([[ 0.,  2.,  4.],\n",
      "       [ 3.,  5.,  7.],\n",
      "       [ 6.,  8., 10.]])\n",
      "None\n"
     ]
    }
   ],
   "source": [
    "print(np.info(np.add))"
   ]
  },
  {
   "cell_type": "code",
   "execution_count": 6,
   "id": "29abd599-c7f4-4625-b24a-e9a0f840f336",
   "metadata": {},
   "outputs": [
    {
     "name": "stdout",
     "output_type": "stream",
     "text": [
      "[0. 0. 0. 0. 1. 0. 0. 0. 0. 0.]\n"
     ]
    }
   ],
   "source": [
    "Z = np.zeros(10)\n",
    "Z[4] = 1\n",
    "print(Z)"
   ]
  },
  {
   "cell_type": "code",
   "execution_count": 7,
   "id": "94b652f7-e467-41cf-81ab-81dd626d20f6",
   "metadata": {},
   "outputs": [
    {
     "name": "stdout",
     "output_type": "stream",
     "text": [
      "[10 11 12 13 14 15 16 17 18 19 20 21 22 23 24 25 26 27 28 29 30 31 32 33\n",
      " 34 35 36 37 38 39 40 41 42 43 44 45 46 47 48 49]\n"
     ]
    }
   ],
   "source": [
    "Z = np.arange(10,50)\n",
    "print(Z)"
   ]
  },
  {
   "cell_type": "code",
   "execution_count": 8,
   "id": "9926024a-ca5c-4d46-a57d-da7ac3455069",
   "metadata": {},
   "outputs": [
    {
     "name": "stdout",
     "output_type": "stream",
     "text": [
      "[49 48 47 46 45 44 43 42 41 40 39 38 37 36 35 34 33 32 31 30 29 28 27 26\n",
      " 25 24 23 22 21 20 19 18 17 16 15 14 13 12 11 10  9  8  7  6  5  4  3  2\n",
      "  1  0]\n"
     ]
    }
   ],
   "source": [
    "Z = np.arange(50)\n",
    "Z = Z[::-1]\n",
    "print(Z)"
   ]
  },
  {
   "cell_type": "code",
   "execution_count": 9,
   "id": "fe68682b-7721-42ba-9b67-9484b8e77794",
   "metadata": {},
   "outputs": [
    {
     "name": "stdout",
     "output_type": "stream",
     "text": [
      "[[0 1 2]\n",
      " [3 4 5]\n",
      " [6 7 8]]\n"
     ]
    }
   ],
   "source": [
    "Z = np.arange(9).reshape(3,3)\n",
    "print(Z)"
   ]
  },
  {
   "cell_type": "code",
   "execution_count": 10,
   "id": "4c549ef8-c1eb-49b9-9896-8192eaf61931",
   "metadata": {},
   "outputs": [
    {
     "name": "stdout",
     "output_type": "stream",
     "text": [
      "(array([0, 1, 4], dtype=int64),)\n"
     ]
    }
   ],
   "source": [
    "nz = np.nonzero([1,2,0,0,4,0])\n",
    "print(nz)"
   ]
  },
  {
   "cell_type": "code",
   "execution_count": 11,
   "id": "7a7b1448-273c-48ee-9808-1826f589e32a",
   "metadata": {},
   "outputs": [
    {
     "name": "stdout",
     "output_type": "stream",
     "text": [
      "[[1. 0. 0.]\n",
      " [0. 1. 0.]\n",
      " [0. 0. 1.]]\n"
     ]
    }
   ],
   "source": [
    "Z = np.eye(3)\n",
    "print(Z)"
   ]
  },
  {
   "cell_type": "code",
   "execution_count": 12,
   "id": "5c67a37b-b731-4480-b5fe-4d96394e0999",
   "metadata": {},
   "outputs": [
    {
     "name": "stdout",
     "output_type": "stream",
     "text": [
      "[[[0.42625971 0.46846957 0.4022161 ]\n",
      "  [0.48649716 0.99045044 0.60098088]\n",
      "  [0.02601494 0.49357161 0.31749362]]\n",
      "\n",
      " [[0.0273979  0.89503942 0.97012668]\n",
      "  [0.13119154 0.85458653 0.19356132]\n",
      "  [0.93310462 0.14529852 0.37381954]]\n",
      "\n",
      " [[0.42037571 0.40094167 0.78522007]\n",
      "  [0.7666604  0.79018288 0.73159359]\n",
      "  [0.23087645 0.9839271  0.77301513]]]\n"
     ]
    }
   ],
   "source": [
    "Z = np.random.random((3,3,3))\n",
    "print(Z)"
   ]
  },
  {
   "cell_type": "code",
   "execution_count": 13,
   "id": "7ccf3408-34c3-4f17-af82-8718ecefb71e",
   "metadata": {},
   "outputs": [
    {
     "name": "stdout",
     "output_type": "stream",
     "text": [
      "0.04557107663602078 0.9815783590804561\n"
     ]
    }
   ],
   "source": [
    "Z = np.random.random((10,10))\n",
    "Zmin, Zmax = Z.min(), Z.max()\n",
    "print(Zmin, Zmax)"
   ]
  },
  {
   "cell_type": "code",
   "execution_count": 14,
   "id": "a8565371-6702-4875-a180-90a3909cfe30",
   "metadata": {},
   "outputs": [
    {
     "name": "stdout",
     "output_type": "stream",
     "text": [
      "0.48768252799604195\n"
     ]
    }
   ],
   "source": [
    "Z = np.random.random(30)\n",
    "m = Z.mean()\n",
    "print(m)"
   ]
  },
  {
   "cell_type": "code",
   "execution_count": 15,
   "id": "d1b26059-41df-463e-a0f0-67ad1fc42c50",
   "metadata": {},
   "outputs": [
    {
     "name": "stdout",
     "output_type": "stream",
     "text": [
      "[[1. 1. 1. 1. 1. 1. 1. 1. 1. 1.]\n",
      " [1. 0. 0. 0. 0. 0. 0. 0. 0. 1.]\n",
      " [1. 0. 0. 0. 0. 0. 0. 0. 0. 1.]\n",
      " [1. 0. 0. 0. 0. 0. 0. 0. 0. 1.]\n",
      " [1. 0. 0. 0. 0. 0. 0. 0. 0. 1.]\n",
      " [1. 0. 0. 0. 0. 0. 0. 0. 0. 1.]\n",
      " [1. 0. 0. 0. 0. 0. 0. 0. 0. 1.]\n",
      " [1. 0. 0. 0. 0. 0. 0. 0. 0. 1.]\n",
      " [1. 0. 0. 0. 0. 0. 0. 0. 0. 1.]\n",
      " [1. 1. 1. 1. 1. 1. 1. 1. 1. 1.]]\n"
     ]
    }
   ],
   "source": [
    "Z = np.ones((10,10))\n",
    "Z[1:-1,1:-1] = 0\n",
    "print(Z)"
   ]
  },
  {
   "cell_type": "code",
   "execution_count": 16,
   "id": "d58c0993-b0e0-466f-9bf4-0498a5404aa6",
   "metadata": {},
   "outputs": [
    {
     "name": "stdout",
     "output_type": "stream",
     "text": [
      "[[0. 0. 0. 0. 0. 0. 0.]\n",
      " [0. 1. 1. 1. 1. 1. 0.]\n",
      " [0. 1. 1. 1. 1. 1. 0.]\n",
      " [0. 1. 1. 1. 1. 1. 0.]\n",
      " [0. 1. 1. 1. 1. 1. 0.]\n",
      " [0. 1. 1. 1. 1. 1. 0.]\n",
      " [0. 0. 0. 0. 0. 0. 0.]]\n"
     ]
    }
   ],
   "source": [
    "Z = np.ones((5,5))\n",
    "Z = np.pad(Z, pad_width=1, mode='constant', constant_values=0)\n",
    "print(Z)"
   ]
  },
  {
   "cell_type": "code",
   "execution_count": 17,
   "id": "c007075a-c052-4ed8-a013-c704578e4f2a",
   "metadata": {},
   "outputs": [
    {
     "name": "stdout",
     "output_type": "stream",
     "text": [
      "nan\n",
      "False\n",
      "False\n",
      "nan\n",
      "True\n",
      "False\n"
     ]
    }
   ],
   "source": [
    "print(0 * np.nan)\n",
    "print(np.nan == np.nan)\n",
    "print(np.inf > np.nan)\n",
    "print(np.nan - np.nan)\n",
    "print(np.nan in set([np.nan]))\n",
    "print(0.3 == 3 * 0.1)"
   ]
  },
  {
   "cell_type": "code",
   "execution_count": 18,
   "id": "bd04a0af-422b-4587-8464-5305c3e70139",
   "metadata": {},
   "outputs": [
    {
     "name": "stdout",
     "output_type": "stream",
     "text": [
      "[[0 0 0 0 0]\n",
      " [1 0 0 0 0]\n",
      " [0 2 0 0 0]\n",
      " [0 0 3 0 0]\n",
      " [0 0 0 4 0]]\n"
     ]
    }
   ],
   "source": [
    "Z = np.diag(1+np.arange(4),k=-1)\n",
    "print(Z)"
   ]
  },
  {
   "cell_type": "code",
   "execution_count": 19,
   "id": "b9e8a401-a77f-4221-868a-542f8e222d3f",
   "metadata": {},
   "outputs": [
    {
     "name": "stdout",
     "output_type": "stream",
     "text": [
      "[[0 1 0 1 0 1 0 1]\n",
      " [1 0 1 0 1 0 1 0]\n",
      " [0 1 0 1 0 1 0 1]\n",
      " [1 0 1 0 1 0 1 0]\n",
      " [0 1 0 1 0 1 0 1]\n",
      " [1 0 1 0 1 0 1 0]\n",
      " [0 1 0 1 0 1 0 1]\n",
      " [1 0 1 0 1 0 1 0]]\n"
     ]
    }
   ],
   "source": [
    "Z = np.zeros((8,8),dtype=int)\n",
    "Z[1::2,::2] = 1\n",
    "Z[::2,1::2] = 1\n",
    "print(Z)"
   ]
  },
  {
   "cell_type": "code",
   "execution_count": 20,
   "id": "4cdc5565-0b92-478a-a0fd-fcc22e6feba9",
   "metadata": {},
   "outputs": [
    {
     "name": "stdout",
     "output_type": "stream",
     "text": [
      "(1, 5, 4)\n"
     ]
    }
   ],
   "source": [
    "print(np.unravel_index(100,(6,7,8)))"
   ]
  },
  {
   "cell_type": "code",
   "execution_count": 21,
   "id": "32648f8b-c65c-48aa-b148-495b56b9eed2",
   "metadata": {},
   "outputs": [
    {
     "name": "stdout",
     "output_type": "stream",
     "text": [
      "[[0 1 0 1 0 1 0 1]\n",
      " [1 0 1 0 1 0 1 0]\n",
      " [0 1 0 1 0 1 0 1]\n",
      " [1 0 1 0 1 0 1 0]\n",
      " [0 1 0 1 0 1 0 1]\n",
      " [1 0 1 0 1 0 1 0]\n",
      " [0 1 0 1 0 1 0 1]\n",
      " [1 0 1 0 1 0 1 0]]\n"
     ]
    }
   ],
   "source": [
    "Z = np.tile( np.array([[0,1],[1,0]]), (4,4))\n",
    "print(Z)"
   ]
  },
  {
   "cell_type": "code",
   "execution_count": 22,
   "id": "6a8a0234-90e2-4fdc-895a-88571e925735",
   "metadata": {},
   "outputs": [
    {
     "name": "stdout",
     "output_type": "stream",
     "text": [
      "[[-0.69779497  0.60088245  0.48481698  1.26471995 -0.75222701]\n",
      " [-1.26669608 -0.81916789  1.3430539  -1.41982744 -0.95352133]\n",
      " [ 1.55224043  0.96839386  0.58777482 -1.54846502  0.18676685]\n",
      " [ 1.33277484  0.70244775 -0.54139208 -0.840093   -0.54882331]\n",
      " [ 1.2529862  -1.14597919 -0.53682446  1.28168431 -0.48773054]]\n"
     ]
    }
   ],
   "source": [
    "Z = np.random.random((5,5))\n",
    "Z = (Z - np.mean (Z)) / (np.std (Z))\n",
    "print(Z)"
   ]
  },
  {
   "cell_type": "code",
   "execution_count": 121,
   "id": "a2dace29-3dc4-4054-aedf-e89e08aaab51",
   "metadata": {},
   "outputs": [
    {
     "name": "stdout",
     "output_type": "stream",
     "text": [
      "[(220, 140, 20, 75)]\n"
     ]
    }
   ],
   "source": [
    "colorrgba = np.dtype({'names': ['r', 'g', 'b', 'a'], 'formats': [np.uint8, np.uint8, np.uint8, np.uint8]})\n",
    "color = np.array([(220, 140, 20, 75)], dtype = colorrgba)\n",
    "print(color)"
   ]
  },
  {
   "cell_type": "code",
   "execution_count": 24,
   "id": "7cf5d1a7-638d-47b2-8d04-2ba79bb29de4",
   "metadata": {},
   "outputs": [
    {
     "name": "stdout",
     "output_type": "stream",
     "text": [
      "[[3. 3.]\n",
      " [3. 3.]\n",
      " [3. 3.]\n",
      " [3. 3.]\n",
      " [3. 3.]]\n"
     ]
    }
   ],
   "source": [
    "Z = np.dot(np.ones((5,3)), np.ones((3,2)))\n",
    "print(Z)\n",
    "\n",
    "Z = np.ones((5,3)) @ np.ones((3,2))"
   ]
  },
  {
   "cell_type": "code",
   "execution_count": 25,
   "id": "43aab77f-da35-49cd-90f1-b0299685eee1",
   "metadata": {},
   "outputs": [
    {
     "name": "stdout",
     "output_type": "stream",
     "text": [
      "[ 0  1  2  3 -4 -5 -6 -7 -8  9 10]\n"
     ]
    }
   ],
   "source": [
    "Z = np.arange(11)\n",
    "Z[(3 < Z) & (Z <= 8)] *= -1\n",
    "print(Z)"
   ]
  },
  {
   "cell_type": "code",
   "execution_count": 26,
   "id": "e8e601b5-f8bd-470b-9def-63270dce5dd3",
   "metadata": {},
   "outputs": [
    {
     "name": "stdout",
     "output_type": "stream",
     "text": [
      "9\n",
      "10\n"
     ]
    }
   ],
   "source": [
    "print(sum(range(5),-1))\n",
    "from numpy import *\n",
    "print(sum(range(5),-1))"
   ]
  },
  {
   "cell_type": "code",
   "execution_count": 28,
   "id": "073775ac-19c5-4bf7-8d4e-54477f0c0e7d",
   "metadata": {},
   "outputs": [
    {
     "ename": "ValueError",
     "evalue": "Integers to negative integer powers are not allowed.",
     "output_type": "error",
     "traceback": [
      "\u001b[1;31m---------------------------------------------------------------------------\u001b[0m",
      "\u001b[1;31mValueError\u001b[0m                                Traceback (most recent call last)",
      "Input \u001b[1;32mIn [28]\u001b[0m, in \u001b[0;36m<cell line: 1>\u001b[1;34m()\u001b[0m\n\u001b[1;32m----> 1\u001b[0m \u001b[43mZ\u001b[49m\u001b[38;5;241;43m*\u001b[39;49m\u001b[38;5;241;43m*\u001b[39;49m\u001b[43mZ\u001b[49m\n\u001b[0;32m      2\u001b[0m \u001b[38;5;241m2\u001b[39m \u001b[38;5;241m<<\u001b[39m Z \u001b[38;5;241m>>\u001b[39m \u001b[38;5;241m2\u001b[39m\n\u001b[0;32m      3\u001b[0m Z \u001b[38;5;241m<\u001b[39m\u001b[38;5;241m-\u001b[39m Z\n",
      "\u001b[1;31mValueError\u001b[0m: Integers to negative integer powers are not allowed."
     ]
    }
   ],
   "source": [
    "Z**Z\n",
    "2 << Z >> 2\n",
    "Z <- Z\n",
    "1j*Z\n",
    "Z/1/1\n",
    "Z<Z>Z"
   ]
  },
  {
   "cell_type": "code",
   "execution_count": 29,
   "id": "9515442f-68fd-4bfa-a441-235b541dd433",
   "metadata": {},
   "outputs": [
    {
     "name": "stdout",
     "output_type": "stream",
     "text": [
      "nan\n",
      "0\n",
      "[-2.14748365e+09]\n"
     ]
    },
    {
     "name": "stderr",
     "output_type": "stream",
     "text": [
      "C:\\Users\\Lokda18\\AppData\\Local\\Temp\\ipykernel_10108\\3912170336.py:1: RuntimeWarning: invalid value encountered in true_divide\n",
      "  print(np.array(0) / np.array(0))\n",
      "C:\\Users\\Lokda18\\AppData\\Local\\Temp\\ipykernel_10108\\3912170336.py:2: RuntimeWarning: divide by zero encountered in floor_divide\n",
      "  print(np.array(0) // np.array(0))\n"
     ]
    }
   ],
   "source": [
    "print(np.array(0) / np.array(0))\n",
    "print(np.array(0) // np.array(0))\n",
    "print(np.array([np.nan]).astype(int).astype(float))"
   ]
  },
  {
   "cell_type": "code",
   "execution_count": 30,
   "id": "8e322a03-5ccd-403c-bcde-2bff21e2e3cf",
   "metadata": {},
   "outputs": [
    {
     "name": "stdout",
     "output_type": "stream",
     "text": [
      "[ -1. -10.  -9.  10.   2.   3.  -6.   4.  -4.  -6.]\n"
     ]
    }
   ],
   "source": [
    "Z = np.random.uniform(-10,+10,10)\n",
    "print (np.copysign(np.ceil(np.abs(Z)), Z))"
   ]
  },
  {
   "cell_type": "code",
   "execution_count": 33,
   "id": "2d1e3c0a-2d1e-42a3-8621-c9495e67a0a2",
   "metadata": {},
   "outputs": [
    {
     "name": "stdout",
     "output_type": "stream",
     "text": [
      "[2 4 5 6 7 9]\n"
     ]
    }
   ],
   "source": [
    "Z1 = np.random.randint(0,10,10)\n",
    "Z2 = np.random.randint(0,10,10)\n",
    "print(np.intersect1d(Z1,Z2))"
   ]
  },
  {
   "cell_type": "code",
   "execution_count": 36,
   "id": "ce62c3ae-9e3a-4caf-9474-1f36cb20fe7a",
   "metadata": {},
   "outputs": [],
   "source": [
    "defaults = np.seterr(all=\"ignore\")\n",
    "Z = np.ones(1) / 0\n",
    "\n",
    "_ = np.seterr(**defaults)\n",
    "\n",
    "with np.errstate(divide='ignore'):\n",
    "    Z = np.ones(1) / 0"
   ]
  },
  {
   "cell_type": "code",
   "execution_count": 37,
   "id": "a9c1ab5e-93d7-4f60-8a6c-a9b20a0eb3a1",
   "metadata": {},
   "outputs": [
    {
     "name": "stderr",
     "output_type": "stream",
     "text": [
      "C:\\Users\\Lokda18\\AppData\\Local\\Temp\\ipykernel_10108\\244602691.py:1: RuntimeWarning: invalid value encountered in sqrt\n",
      "  np.sqrt(-1) == np.emath.sqrt(-1)\n"
     ]
    },
    {
     "data": {
      "text/plain": [
       "False"
      ]
     },
     "execution_count": 37,
     "metadata": {},
     "output_type": "execute_result"
    }
   ],
   "source": [
    "np.sqrt(-1) == np.emath.sqrt(-1)"
   ]
  },
  {
   "cell_type": "code",
   "execution_count": 38,
   "id": "1c5aaa1c-ab2b-4fe2-b012-2111b33efbf9",
   "metadata": {},
   "outputs": [],
   "source": [
    "yesterday = np.datetime64('today', 'D') - np.timedelta64(1, 'D')\n",
    "today     = np.datetime64('today', 'D')\n",
    "tomorrow  = np.datetime64('today', 'D') + np.timedelta64(1, 'D')"
   ]
  },
  {
   "cell_type": "code",
   "execution_count": 39,
   "id": "d9106124-86be-48a4-8465-508cef16f88f",
   "metadata": {},
   "outputs": [
    {
     "name": "stdout",
     "output_type": "stream",
     "text": [
      "['2016-07-01' '2016-07-02' '2016-07-03' '2016-07-04' '2016-07-05'\n",
      " '2016-07-06' '2016-07-07' '2016-07-08' '2016-07-09' '2016-07-10'\n",
      " '2016-07-11' '2016-07-12' '2016-07-13' '2016-07-14' '2016-07-15'\n",
      " '2016-07-16' '2016-07-17' '2016-07-18' '2016-07-19' '2016-07-20'\n",
      " '2016-07-21' '2016-07-22' '2016-07-23' '2016-07-24' '2016-07-25'\n",
      " '2016-07-26' '2016-07-27' '2016-07-28' '2016-07-29' '2016-07-30'\n",
      " '2016-07-31']\n"
     ]
    }
   ],
   "source": [
    "Z = np.arange('2016-07', '2016-08', dtype='datetime64[D]')\n",
    "print(Z)"
   ]
  },
  {
   "cell_type": "code",
   "execution_count": 40,
   "id": "ea8623cc-a66f-4a07-a0e2-81dd7157bc95",
   "metadata": {},
   "outputs": [
    {
     "data": {
      "text/plain": [
       "array([-1.5, -1.5, -1.5])"
      ]
     },
     "execution_count": 40,
     "metadata": {},
     "output_type": "execute_result"
    }
   ],
   "source": [
    "A = np.ones(3)*1\n",
    "B = np.ones(3)*2\n",
    "C = np.ones(3)*3\n",
    "np.add(A,B,out=B)\n",
    "np.divide(A,2,out=A)\n",
    "np.negative(A,out=A)\n",
    "np.multiply(A,B,out=A)"
   ]
  },
  {
   "cell_type": "code",
   "execution_count": 41,
   "id": "21b172d7-d613-4670-a99f-011072998dd9",
   "metadata": {},
   "outputs": [
    {
     "name": "stdout",
     "output_type": "stream",
     "text": [
      "[8. 6. 2. 6. 4. 7. 2. 7. 6. 8.]\n",
      "[8. 6. 2. 6. 4. 7. 2. 7. 6. 8.]\n",
      "[8. 6. 2. 6. 4. 7. 2. 7. 6. 8.]\n",
      "[8 6 2 6 4 7 2 7 6 8]\n",
      "[8. 6. 2. 6. 4. 7. 2. 7. 6. 8.]\n"
     ]
    }
   ],
   "source": [
    "Z = np.random.uniform(0,10,10)\n",
    "\n",
    "print (Z - Z%1)\n",
    "print (np.floor(Z))\n",
    "print (np.ceil(Z)-1)\n",
    "print (Z.astype(int))\n",
    "print (np.trunc(Z))"
   ]
  },
  {
   "cell_type": "code",
   "execution_count": 42,
   "id": "bde2e0a9-5153-4d5e-a14e-3562f9b8b21b",
   "metadata": {},
   "outputs": [
    {
     "name": "stdout",
     "output_type": "stream",
     "text": [
      "[[0. 1. 2. 3. 4.]\n",
      " [0. 1. 2. 3. 4.]\n",
      " [0. 1. 2. 3. 4.]\n",
      " [0. 1. 2. 3. 4.]\n",
      " [0. 1. 2. 3. 4.]]\n"
     ]
    }
   ],
   "source": [
    "Z = np.zeros((5,5))\n",
    "Z += np.arange(5)\n",
    "print(Z)"
   ]
  },
  {
   "cell_type": "code",
   "execution_count": 43,
   "id": "9b4f5b6d-cd5b-48da-ae59-b89a76eb53ea",
   "metadata": {},
   "outputs": [
    {
     "name": "stdout",
     "output_type": "stream",
     "text": [
      "[0. 1. 2. 3. 4. 5. 6. 7. 8. 9.]\n"
     ]
    }
   ],
   "source": [
    "def generate():\n",
    "    for x in range(10):\n",
    "        yield x\n",
    "Z = np.fromiter(generate(),dtype=float,count=-1)\n",
    "print(Z)"
   ]
  },
  {
   "cell_type": "code",
   "execution_count": 44,
   "id": "6877a240-6cb8-41f6-8d76-c9686b742d18",
   "metadata": {},
   "outputs": [
    {
     "name": "stdout",
     "output_type": "stream",
     "text": [
      "[0.09090909 0.18181818 0.27272727 0.36363636 0.45454545 0.54545455\n",
      " 0.63636364 0.72727273 0.81818182 0.90909091]\n"
     ]
    }
   ],
   "source": [
    "Z = np.linspace(0,1,11,endpoint=False)[1:]\n",
    "print(Z)"
   ]
  },
  {
   "cell_type": "code",
   "execution_count": 45,
   "id": "7a39e758-54e0-471c-a743-c4f5cab7320f",
   "metadata": {},
   "outputs": [
    {
     "name": "stdout",
     "output_type": "stream",
     "text": [
      "[0.0176607  0.05152117 0.07984519 0.08217479 0.34309167 0.5475389\n",
      " 0.56905576 0.69097073 0.77481955 0.9662619 ]\n"
     ]
    }
   ],
   "source": [
    "Z = np.random.random(10)\n",
    "Z.sort()\n",
    "print(Z)"
   ]
  },
  {
   "cell_type": "code",
   "execution_count": 46,
   "id": "f75a5bbc-429d-45a5-bf3b-e21284e4febe",
   "metadata": {},
   "outputs": [
    {
     "data": {
      "text/plain": [
       "45"
      ]
     },
     "execution_count": 46,
     "metadata": {},
     "output_type": "execute_result"
    }
   ],
   "source": [
    "Z = np.arange(10)\n",
    "np.add.reduce(Z)"
   ]
  },
  {
   "cell_type": "code",
   "execution_count": 47,
   "id": "bbf0a3ca-95e9-478a-9f9c-f28af6d5b5e7",
   "metadata": {},
   "outputs": [
    {
     "name": "stdout",
     "output_type": "stream",
     "text": [
      "False\n",
      "False\n"
     ]
    }
   ],
   "source": [
    "A = np.random.randint(0,2,5)\n",
    "B = np.random.randint(0,2,5)\n",
    "\n",
    "equal = np.allclose(A,B)\n",
    "print(equal)\n",
    "\n",
    "equal = np.array_equal(A,B)\n",
    "print(equal)"
   ]
  },
  {
   "cell_type": "code",
   "execution_count": 48,
   "id": "d10ba510-ec0f-47fc-a524-355a16f177e7",
   "metadata": {},
   "outputs": [
    {
     "ename": "ValueError",
     "evalue": "assignment destination is read-only",
     "output_type": "error",
     "traceback": [
      "\u001b[1;31m---------------------------------------------------------------------------\u001b[0m",
      "\u001b[1;31mValueError\u001b[0m                                Traceback (most recent call last)",
      "Input \u001b[1;32mIn [48]\u001b[0m, in \u001b[0;36m<cell line: 3>\u001b[1;34m()\u001b[0m\n\u001b[0;32m      1\u001b[0m Z \u001b[38;5;241m=\u001b[39m np\u001b[38;5;241m.\u001b[39mzeros(\u001b[38;5;241m10\u001b[39m)\n\u001b[0;32m      2\u001b[0m Z\u001b[38;5;241m.\u001b[39mflags\u001b[38;5;241m.\u001b[39mwriteable \u001b[38;5;241m=\u001b[39m \u001b[38;5;28;01mFalse\u001b[39;00m\n\u001b[1;32m----> 3\u001b[0m Z[\u001b[38;5;241m0\u001b[39m] \u001b[38;5;241m=\u001b[39m \u001b[38;5;241m1\u001b[39m\n",
      "\u001b[1;31mValueError\u001b[0m: assignment destination is read-only"
     ]
    }
   ],
   "source": [
    "Z = np.zeros(10)\n",
    "Z.flags.writeable = False\n",
    "Z[0] = 1"
   ]
  },
  {
   "cell_type": "code",
   "execution_count": 49,
   "id": "a9d90f8c-2f73-498f-8228-e0f939c00ca1",
   "metadata": {},
   "outputs": [
    {
     "name": "stdout",
     "output_type": "stream",
     "text": [
      "[0.085209   0.77759084 1.0126367  0.71955652 0.81528639 1.02480367\n",
      " 0.21509434 0.51705746 1.15216149 1.1995929 ]\n",
      "[1.14704132 0.4349305  0.26762602 0.48163359 0.9540286  0.66380912\n",
      " 1.36240369 0.90987552 0.81962299 0.82053684]\n"
     ]
    }
   ],
   "source": [
    "Z = np.random.random((10,2))\n",
    "X,Y = Z[:,0], Z[:,1]\n",
    "R = np.sqrt(X**2+Y**2)\n",
    "T = np.arctan2(Y,X)\n",
    "print(R)\n",
    "print(T)"
   ]
  },
  {
   "cell_type": "code",
   "execution_count": 50,
   "id": "ad4e1989-c40b-48c6-a7f4-3c6d02f3dfce",
   "metadata": {},
   "outputs": [
    {
     "name": "stdout",
     "output_type": "stream",
     "text": [
      "[0.81735916 0.         0.63724901 0.86165656 0.02245258 0.26176394\n",
      " 0.50181468 0.6874079  0.04951881 0.43691098]\n"
     ]
    }
   ],
   "source": [
    "Z = np.random.random(10)\n",
    "Z[Z.argmax()] = 0\n",
    "print(Z)"
   ]
  },
  {
   "cell_type": "code",
   "execution_count": 51,
   "id": "a9d62db0-3cad-4ccc-bcce-75069593978c",
   "metadata": {},
   "outputs": [
    {
     "name": "stdout",
     "output_type": "stream",
     "text": [
      "[[(0.  , 0.  ) (0.25, 0.  ) (0.5 , 0.  ) (0.75, 0.  ) (1.  , 0.  )]\n",
      " [(0.  , 0.25) (0.25, 0.25) (0.5 , 0.25) (0.75, 0.25) (1.  , 0.25)]\n",
      " [(0.  , 0.5 ) (0.25, 0.5 ) (0.5 , 0.5 ) (0.75, 0.5 ) (1.  , 0.5 )]\n",
      " [(0.  , 0.75) (0.25, 0.75) (0.5 , 0.75) (0.75, 0.75) (1.  , 0.75)]\n",
      " [(0.  , 1.  ) (0.25, 1.  ) (0.5 , 1.  ) (0.75, 1.  ) (1.  , 1.  )]]\n"
     ]
    }
   ],
   "source": [
    "Z = np.zeros((5,5), [('x',float),('y',float)])\n",
    "Z['x'], Z['y'] = np.meshgrid(np.linspace(0,1,5),\n",
    "                             np.linspace(0,1,5))\n",
    "print(Z)"
   ]
  },
  {
   "cell_type": "code",
   "execution_count": 52,
   "id": "d71031ec-b3fa-4f96-8f28-0a002d3cce5b",
   "metadata": {},
   "outputs": [
    {
     "name": "stdout",
     "output_type": "stream",
     "text": [
      "3638.1636371179666\n"
     ]
    }
   ],
   "source": [
    "X = np.arange(8)\n",
    "Y = X + 0.5\n",
    "C = 1.0 / np.subtract.outer(X, Y)\n",
    "print(np.linalg.det(C))"
   ]
  },
  {
   "cell_type": "code",
   "execution_count": 53,
   "id": "bcd6fc05-30fa-4bdf-b5f4-70c58367f92f",
   "metadata": {},
   "outputs": [
    {
     "name": "stdout",
     "output_type": "stream",
     "text": [
      "-128\n",
      "127\n",
      "-2147483648\n",
      "2147483647\n",
      "-9223372036854775808\n",
      "9223372036854775807\n",
      "-3.4028235e+38\n",
      "3.4028235e+38\n",
      "1.1920929e-07\n",
      "-1.7976931348623157e+308\n",
      "1.7976931348623157e+308\n",
      "2.220446049250313e-16\n"
     ]
    }
   ],
   "source": [
    "for dtype in [np.int8, np.int32, np.int64]:\n",
    "   print(np.iinfo(dtype).min)\n",
    "   print(np.iinfo(dtype).max)\n",
    "for dtype in [np.float32, np.float64]:\n",
    "   print(np.finfo(dtype).min)\n",
    "   print(np.finfo(dtype).max)\n",
    "   print(np.finfo(dtype).eps)"
   ]
  },
  {
   "cell_type": "code",
   "execution_count": 118,
   "id": "280d8c7d-f27e-4e19-aa33-7f5b864ef6cf",
   "metadata": {},
   "outputs": [
    {
     "name": "stdout",
     "output_type": "stream",
     "text": [
      "[16  8 12 19  0 15  4  4  2  4]\n"
     ]
    }
   ],
   "source": [
    "Z = np.random.randint(0, 20, 10)\n",
    "print(Z)"
   ]
  },
  {
   "cell_type": "code",
   "execution_count": 58,
   "id": "d970b130-5ab0-4fd2-a359-227d338c21b0",
   "metadata": {},
   "outputs": [
    {
     "name": "stdout",
     "output_type": "stream",
     "text": [
      "19\n"
     ]
    }
   ],
   "source": [
    "Z = np.arange(100)\n",
    "v = np.random.uniform(0,100)\n",
    "index = (np.abs(Z-v)).argmin()\n",
    "print(Z[index])"
   ]
  },
  {
   "cell_type": "code",
   "execution_count": 59,
   "id": "befd628c-c348-4cee-9b95-80e67c0b1ffc",
   "metadata": {},
   "outputs": [
    {
     "name": "stdout",
     "output_type": "stream",
     "text": [
      "[((0., 0.), (0., 0., 0.)) ((0., 0.), (0., 0., 0.))\n",
      " ((0., 0.), (0., 0., 0.)) ((0., 0.), (0., 0., 0.))\n",
      " ((0., 0.), (0., 0., 0.)) ((0., 0.), (0., 0., 0.))\n",
      " ((0., 0.), (0., 0., 0.)) ((0., 0.), (0., 0., 0.))\n",
      " ((0., 0.), (0., 0., 0.)) ((0., 0.), (0., 0., 0.))]\n"
     ]
    },
    {
     "name": "stderr",
     "output_type": "stream",
     "text": [
      "C:\\Users\\Lokda18\\AppData\\Local\\Temp\\ipykernel_10108\\274409719.py:1: FutureWarning: Passing (type, 1) or '1type' as a synonym of type is deprecated; in a future version of numpy, it will be understood as (type, (1,)) / '(1,)type'.\n",
      "  Z = np.zeros(10, [ ('position', [ ('x', float, 1),\n"
     ]
    }
   ],
   "source": [
    "Z = np.zeros(10, [ ('position', [ ('x', float, 1),\n",
    "                                  ('y', float, 1)]),\n",
    "                   ('color',    [ ('r', float, 1),\n",
    "                                  ('g', float, 1),\n",
    "                                  ('b', float, 1)])])\n",
    "print(Z)"
   ]
  },
  {
   "cell_type": "code",
   "execution_count": 60,
   "id": "fbbef070-88ea-490f-a239-972b78d7eb32",
   "metadata": {},
   "outputs": [
    {
     "name": "stdout",
     "output_type": "stream",
     "text": [
      "[[0.         0.40769679 0.99639391 0.61365486 0.68419873 0.92053685\n",
      "  0.187962   0.39400382 0.62343402 0.93708039]\n",
      " [0.40769679 0.         0.59163095 0.34170236 0.355339   0.51840232\n",
      "  0.28873096 0.34039572 0.30800655 0.57634767]\n",
      " [0.99639391 0.59163095 0.         0.62591435 0.52577429 0.22001951\n",
      "  0.84766524 0.83867987 0.55745624 0.4475044 ]\n",
      " [0.61365486 0.34170236 0.62591435 0.         0.10800862 0.44302239\n",
      "  0.58093372 0.27102273 0.07024927 0.35135878]\n",
      " [0.68419873 0.355339   0.52577429 0.10800862 0.         0.33599771\n",
      "  0.62488163 0.37152484 0.06142745 0.25668518]\n",
      " [0.92053685 0.51840232 0.22001951 0.44302239 0.33599771 0.\n",
      "  0.80318412 0.68789601 0.38085713 0.22950821]\n",
      " [0.187962   0.28873096 0.84766524 0.58093372 0.62488163 0.80318412\n",
      "  0.         0.43583482 0.56917817 0.86113396]\n",
      " [0.39400382 0.34039572 0.83867987 0.27102273 0.37152484 0.68789601\n",
      "  0.43583482 0.         0.31427733 0.62235089]\n",
      " [0.62343402 0.30800655 0.55745624 0.07024927 0.06142745 0.38085713\n",
      "  0.56917817 0.31427733 0.         0.31801824]\n",
      " [0.93708039 0.57634767 0.4475044  0.35135878 0.25668518 0.22950821\n",
      "  0.86113396 0.62235089 0.31801824 0.        ]]\n",
      "[[0.         0.2961172  0.42721957 0.49287448 0.71448797 0.23184929\n",
      "  0.64721639 0.44804075 0.73166499 0.66922221]\n",
      " [0.2961172  0.         0.367765   0.31548754 0.4419004  0.09304402\n",
      "  0.38701548 0.15606234 0.4453244  0.41295948]\n",
      " [0.42721957 0.367765   0.         0.17313043 0.47451344 0.30235712\n",
      "  0.70554146 0.38515912 0.70422812 0.40127221]\n",
      " [0.49287448 0.31548754 0.17313043 0.         0.30171222 0.29352783\n",
      "  0.5780407  0.263237   0.55322891 0.22971762]\n",
      " [0.71448797 0.4419004  0.47451344 0.30171222 0.         0.4831216\n",
      "  0.46147028 0.29222446 0.36534633 0.07677723]\n",
      " [0.23184929 0.09304402 0.30235712 0.29352783 0.4831216  0.\n",
      "  0.48002585 0.22220174 0.53353615 0.44096798]\n",
      " [0.64721639 0.38701548 0.70554146 0.5780407  0.46147028 0.48002585\n",
      "  0.         0.32113041 0.14662023 0.49748248]\n",
      " [0.44804075 0.15606234 0.38515912 0.263237   0.29222446 0.22220174\n",
      "  0.32113041 0.         0.3305955  0.27585932]\n",
      " [0.73166499 0.4453244  0.70422812 0.55322891 0.36534633 0.53353615\n",
      "  0.14662023 0.3305955  0.         0.41824888]\n",
      " [0.66922221 0.41295948 0.40127221 0.22971762 0.07677723 0.44096798\n",
      "  0.49748248 0.27585932 0.41824888 0.        ]]\n"
     ]
    }
   ],
   "source": [
    "Z = np.random.random((10,2))\n",
    "X,Y = np.atleast_2d(Z[:,0], Z[:,1])\n",
    "D = np.sqrt( (X-X.T)**2 + (Y-Y.T)**2)\n",
    "print(D)\n",
    "\n",
    "import scipy\n",
    "import scipy.spatial\n",
    "\n",
    "Z = np.random.random((10,2))\n",
    "D = scipy.spatial.distance.cdist(Z,Z)\n",
    "print(D)"
   ]
  },
  {
   "cell_type": "code",
   "execution_count": 61,
   "id": "99e9bcab-2084-4421-ac3e-3771fc156169",
   "metadata": {},
   "outputs": [
    {
     "name": "stdout",
     "output_type": "stream",
     "text": [
      "[0 1 2 3 4 5 6 7 8 9]\n"
     ]
    }
   ],
   "source": [
    "Z = np.arange(10, dtype=np.float32)\n",
    "Z = Z.astype(np.int32, copy=False)\n",
    "print(Z)"
   ]
  },
  {
   "cell_type": "code",
   "execution_count": 62,
   "id": "79df5bbd-0587-4bab-9b64-847d032b18b4",
   "metadata": {},
   "outputs": [
    {
     "name": "stdout",
     "output_type": "stream",
     "text": [
      "[[ 1  2  3  4  5]\n",
      " [ 6 -1 -1  7  8]\n",
      " [-1 -1  9 10 11]]\n"
     ]
    },
    {
     "name": "stderr",
     "output_type": "stream",
     "text": [
      "C:\\Users\\Lokda18\\AppData\\Local\\Temp\\ipykernel_10108\\583895545.py:6: DeprecationWarning: `np.int` is a deprecated alias for the builtin `int`. To silence this warning, use `int` by itself. Doing this will not modify any behavior and is safe. When replacing `np.int`, you may wish to use e.g. `np.int64` or `np.int32` to specify the precision. If you wish to review your current use, check the release note link for additional information.\n",
      "Deprecated in NumPy 1.20; for more details and guidance: https://numpy.org/devdocs/release/1.20.0-notes.html#deprecations\n",
      "  Z = np.genfromtxt(s, delimiter=\",\", dtype=np.int)\n"
     ]
    }
   ],
   "source": [
    "from io import StringIO\n",
    "\n",
    "s = StringIO(\"\"\"1, 2, 3, 4, 5\\n\n",
    "                6,  ,  , 7, 8\\n\n",
    "                 ,  , 9,10,11\\n\"\"\")\n",
    "Z = np.genfromtxt(s, delimiter=\",\", dtype=np.int)\n",
    "print(Z)"
   ]
  },
  {
   "cell_type": "code",
   "execution_count": 63,
   "id": "499427be-f550-49e5-ade5-3294d0066dff",
   "metadata": {},
   "outputs": [
    {
     "name": "stdout",
     "output_type": "stream",
     "text": [
      "(0, 0) 0\n",
      "(0, 1) 1\n",
      "(0, 2) 2\n",
      "(1, 0) 3\n",
      "(1, 1) 4\n",
      "(1, 2) 5\n",
      "(2, 0) 6\n",
      "(2, 1) 7\n",
      "(2, 2) 8\n",
      "(0, 0) 0\n",
      "(0, 1) 1\n",
      "(0, 2) 2\n",
      "(1, 0) 3\n",
      "(1, 1) 4\n",
      "(1, 2) 5\n",
      "(2, 0) 6\n",
      "(2, 1) 7\n",
      "(2, 2) 8\n"
     ]
    }
   ],
   "source": [
    "Z = np.arange(9).reshape(3,3)\n",
    "for index, value in np.ndenumerate(Z):\n",
    "    print(index, value)\n",
    "for index in np.ndindex(Z.shape):\n",
    "    print(index, Z[index])"
   ]
  },
  {
   "cell_type": "code",
   "execution_count": 64,
   "id": "21eb14be-4224-4fc8-bec6-13dd9d9bff18",
   "metadata": {},
   "outputs": [
    {
     "name": "stdout",
     "output_type": "stream",
     "text": [
      "[[0.36787944 0.44822088 0.51979489 0.57375342 0.60279818 0.60279818\n",
      "  0.57375342 0.51979489 0.44822088 0.36787944]\n",
      " [0.44822088 0.54610814 0.63331324 0.69905581 0.73444367 0.73444367\n",
      "  0.69905581 0.63331324 0.54610814 0.44822088]\n",
      " [0.51979489 0.63331324 0.73444367 0.81068432 0.85172308 0.85172308\n",
      "  0.81068432 0.73444367 0.63331324 0.51979489]\n",
      " [0.57375342 0.69905581 0.81068432 0.89483932 0.9401382  0.9401382\n",
      "  0.89483932 0.81068432 0.69905581 0.57375342]\n",
      " [0.60279818 0.73444367 0.85172308 0.9401382  0.98773022 0.98773022\n",
      "  0.9401382  0.85172308 0.73444367 0.60279818]\n",
      " [0.60279818 0.73444367 0.85172308 0.9401382  0.98773022 0.98773022\n",
      "  0.9401382  0.85172308 0.73444367 0.60279818]\n",
      " [0.57375342 0.69905581 0.81068432 0.89483932 0.9401382  0.9401382\n",
      "  0.89483932 0.81068432 0.69905581 0.57375342]\n",
      " [0.51979489 0.63331324 0.73444367 0.81068432 0.85172308 0.85172308\n",
      "  0.81068432 0.73444367 0.63331324 0.51979489]\n",
      " [0.44822088 0.54610814 0.63331324 0.69905581 0.73444367 0.73444367\n",
      "  0.69905581 0.63331324 0.54610814 0.44822088]\n",
      " [0.36787944 0.44822088 0.51979489 0.57375342 0.60279818 0.60279818\n",
      "  0.57375342 0.51979489 0.44822088 0.36787944]]\n"
     ]
    }
   ],
   "source": [
    "X, Y = np.meshgrid(np.linspace(-1,1,10), np.linspace(-1,1,10))\n",
    "D = np.sqrt(X*X+Y*Y)\n",
    "sigma, mu = 1.0, 0.0\n",
    "G = np.exp(-( (D-mu)**2 / ( 2.0 * sigma**2 ) ) )\n",
    "print(G)"
   ]
  },
  {
   "cell_type": "code",
   "execution_count": 66,
   "id": "8b4e795a-6157-452f-9378-438e4501f70a",
   "metadata": {},
   "outputs": [
    {
     "name": "stdout",
     "output_type": "stream",
     "text": [
      "[[0. 0. 0. 0. 0. 0. 0. 1. 0. 0.]\n",
      " [0. 0. 0. 0. 0. 0. 0. 0. 0. 0.]\n",
      " [0. 0. 0. 0. 0. 0. 0. 0. 0. 0.]\n",
      " [0. 0. 0. 0. 0. 0. 0. 0. 0. 0.]\n",
      " [0. 0. 0. 0. 0. 0. 0. 0. 0. 0.]\n",
      " [0. 0. 0. 0. 0. 0. 0. 0. 0. 0.]\n",
      " [0. 0. 0. 0. 0. 0. 0. 0. 1. 0.]\n",
      " [0. 0. 0. 0. 0. 0. 0. 0. 0. 1.]\n",
      " [0. 0. 0. 0. 0. 0. 0. 0. 0. 0.]\n",
      " [0. 0. 0. 0. 0. 0. 0. 0. 0. 0.]]\n"
     ]
    }
   ],
   "source": [
    "n = 10\n",
    "p = 3\n",
    "Z = np.zeros((n,n))\n",
    "np.put(Z, np.random.choice(range(n*n), p, replace=False),1)\n",
    "print(Z)"
   ]
  },
  {
   "cell_type": "code",
   "execution_count": 67,
   "id": "6985420a-ae46-46e0-acf7-89e4d12b9335",
   "metadata": {},
   "outputs": [
    {
     "name": "stdout",
     "output_type": "stream",
     "text": [
      "[[ 6.15021854e-01 -4.49025171e-03 -2.65774948e-01  4.70419788e-02\n",
